1 0.00633172 0.000316942
2 0.00804192 0.000402613
3 0.00963626 0.00048233
4 0.0111226 0.000556646
5 0.012326 0.000617064
6 0.0129863 0.00065034
7 0.0158611 0.000794078
8 0.0257877 0.00129041
9 0.0132891 0.000665745
10 0.00290319 0.000146449
11 -0.00422953 -0.000210272
12 -0.00818995 -0.000408293
13 -0.00963222 -0.000480407
14 -0.00914774 -0.000456366
15 -0.00753807 -0.000375882
16 -0.00464843 -0.000231493
17 -0.0026069 -0.000129416
18 -0.00104283 -5.12131e-05
19 -2.29496e-06 8.13806e-07
20 3.20169e-06 1.08864e-06
21 1.5762e-05 1.71697e-06
22 0.000512198 2.65388e-05
23 0.00053717 2.77874e-05
24 0.000530187 2.74488e-05
25 0.00113002 5.74404e-05
26 0.00100933 5.14059e-05
27 0.000626534 3.22787e-05
28 0.000634978 3.27009e-05
29 1.2424e-06 1.01415e-06
30 -1.4524e-05 2.2583e-07
31 -1.26268e-05 3.20688e-07
32 -7.6424e-06 5.69756e-07
33 -6.43392e-06 6.3018e-07
34 -1.14177e-05 3.80764e-07
35 -3.70718e-06 7.66289e-07
36 -4.30249e-06 7.36523e-07
37 -4.36886e-06 7.33117e-07
38 0.000141452 8.02414e-06
39 -8.65367e-06 5.18704e-07
40 3.7166e-06 1.13722e-06
41 3.98455e-06 1.15061e-06
42 3.56663e-06 1.12979e-06
43 -3.04993e-06 7.98962e-07
44 -7.03019e-06 5.99808e-07
45 -2.45926e-06 8.28355e-07
46 -3.36111e-05 -7.29236e-07
47 3.35549e-05 2.62974e-06
48 6.45049e-06 1.27451e-06
49 5.37791e-06 1.22088e-06
50 5.00126e-06 1.20215e-06
51 -1.80365e-05 5.02619e-08
52 -5.1137e-06 6.96302e-07
53 3.61285e-07 9.70051e-07
54 1.78707e-06 1.04134e-06
55 7.5451e-07 9.89727e-07
56 4.18606e-05 3.04503e-06
57 -7.51668e-06 5.76168e-07
58 -2.47226e-06 8.28339e-07
59 -5.74794e-05 -1.92202e-06
60 -5.05386e-06 6.99158e-07
61 7.68304e-06 1.336e-06
62 5.90362e-06 1.24703e-06
63 5.33146e-06 1.21853e-06
64 -2.06981e-05 -8.2948e-08
65 -5.79353e-06 6.62281e-07
66 5.83741e-07 9.81157e-07
67 1.9976e-06 1.05185e-06
68 1.71075e-06 1.03754e-06
69 7.28297e-05 4.59349e-06
70 -8.11302e-06 5.46353e-07
71 -2.48685e-06 8.27611e-07
72 -0.000233099 -1.0703e-05
73 -5.41772e-06 6.81068e-07
74 9.3233e-06 1.41831e-06
75 6.50734e-06 1.27751e-06
76 5.69322e-06 1.23692e-06
77 -2.44379e-05 -2.6964e-07
78 -6.89365e-06 6.07572e-07
79 8.47898e-07 9.94666e-07
80 2.23138e-06 1.06384e-06
81 3.56663e-06 1.1306e-06
82 0.000249935 1.3454e-05
83 -8.86115e-06 5.14212e-07
84 -2.50335e-06 8.32052e-07
85 -3.05035e-07 9.41968e-07
86 -5.88942e-06 6.62749e-07
87 1.16136e-05 1.53813e-06
88 7.2078e-06 1.31784e-06
89 -0.0622642 -0.00311225
90 -0.105254 -0.00526383
91 -0.107551 -0.00537869
92 -0.0466197 -0.00233213
93 0.146798 0.00734166
94 0.374776 0.0187406
95 0.654739 0.0327518
96 0.923295 0.0461796
97 1.10457 0.0552433
98 1.16161 0.0580955
99 1.06694 0.0533834
100 0.868082 0.0434403
101 0.594899 0.0297931
102 0.35265 0.0176806
103 0.13579 0.00683761
104 -0.0265641 -0.00128062
105 -0.122979 -0.00610135
106 -0.169987 -0.00845179
107 -0.173926 -0.00865218
108 -0.155366 -0.00772417
109 -0.119487 -0.00593261
110 -0.0792848 -0.00392252
111 -0.0405656 -0.00198656
112 -0.0122293 -0.000569988
113 0.00912998 0.000497975
114 0.0215144 0.00111719
115 0.0263319 0.0013586
116 0.0259799 0.001341
117 0.0217297 0.00112892
118 0.0158526 0.000835065
119 0.00869156 0.000477015
120 0.00514269 0.000299674
121 0.00036212 6.06459e-05
122 -0.00219685 -6.73027e-05
123 -0.00343404 -0.000129231
124 -0.00430034 -0.000172546
125 -0.00305782 -0.000110481
126 -0.00192392 -5.37857e-05
127 -0.00112426 -1.38028e-05
128 -0.00118549 -1.6888e-05
129 -0.000616115 1.15806e-05
130 -0.00079919 2.42689e-06
131 8.24849e-07 4.24276e-05
132 7.64194e-05 4.62074e-05
133 -0.000143386 3.52171e-05
134 0.000147101 4.97444e-05
135 6.12407e-05 4.54514e-05
136 0.000421787 6.34871e-05
137 0.000266464 5.5721e-05
138 1.66244e-06 4.24809e-05
139 -3.66496e-05 4.05646e-05
140 -6.96844e-05 3.89128e-05
