1 2.24768 0 0.224768
2 3 0 0.42
3 3 0 0.42
4 3 0 0.42
5 3 0 0.54
6 1.11124 0 0.395574
7 0.552598 0 0.339709
8 0.292186 0 0.313668
9 0.169009 0 0.308111
10 0.0997778 0 0.301188
11 0.0526749 0 0.298585
12 0.0182272 0 0.29514
13 -0.00260756 0 0.293056
14 -0.0155191 0 0.291144
15 -0.022809 0 0.290415
16 -0.0263195 0 0.289012
17 -0.0270986 0 0.288934
18 -0.0261132 0 0.289032
19 -0.0251802 0 0.288118
20 -0.0237322 0 0.288263
21 -0.0212178 0 0.287666
22 -0.0189392 0 0.287894
23 -0.016562 0 0.288131
24 -0.0148137 0 0.287714
25 -0.0130734 0 0.287888
26 -0.0114529 0 0.28805
27 -0.0103019 0 0.287753
28 -0.00922501 0 0.28786
29 -0.0081148 0 0.287647
30 -0.00693403 0 0.287765
31 -0.00588223 0 0.28787
32 -0.0051123 0 0.287743
33 -0.00452121 0 0.287802
34 -0.00379755 0 0.287722
35 -0.00326629 0 0.287775
36 -0.00278012 0 0.287824
37 -0.00243463 0 0.287761
38 -0.937285 0 0.194276
39 0.0735576 0 0.298303
40 0.153065 0 0.306253
41 0.11617 0 0.302564
42 0.0628812 0 0.29975
43 0.0229595 0 0.295758
44 0.000475065 0 0.293529
45 -0.0135545 0 0.292126
46 -0.0235283 0 0.291128
47 -0.0278182 0 0.289587
48 -0.0296673 0 0.289402
49 -0.0294758 0 0.289421
50 -0.0289663 0 0.288313
51 -0.0274288 0 0.288467
52 -0.0252284 0 0.287678
53 -0.0227607 0 0.287925
54 -0.0198264 0 0.288218
55 -0.0177357 0 0.287718
56 -0.0159097 0 0.2879
57 -0.0139593 0 0.288095
58 -0.0126242 0 0.287724
59 -0.0112441 0 0.287862
60 -0.00989793 0 0.2876
61 -0.00860302 0 0.28773
62 -0.00721221 0 0.287869
63 -0.00630494 0 0.287708
64 -0.00547183 0 0.287791
65 -0.00471353 0 0.287867
66 -0.00419852 0 0.28775
67 -0.00372953 0 0.287797
68 -0.0031549 0 0.287728
69 -0.00269281 0 0.287775
70 -0.0022879 0 0.287815
71 -0.00200546 0 0.287763
72 -0.0017401 0 0.28779
73 -0.00149561 0 0.287814
74 -0.00128876 0 0.287783
75 -0.00114909 0 0.287797
76 -0.00100628 0 0.287771
77 -0.000860621 0 0.287786
78 -0.00072895 0 0.287799
79 -0.000637904 0 0.287783
80 -0.000561645 0 0.28779
81 -0.000471295 0 0.287799
82 -0.000421491 0 0.287787
83 -0.000358754 0 0.287794
84 -0.000312826 0 0.287786
85 -0.0002747 0 0.28779
86 -0.000229901 0 0.287794
87 -0.000194146 0 0.28779
88 -0.000172268 0 0.287792
89 -0.875839 0 0.200225
90 0.0875953 0 0.300073
91 0.155873 0 0.3069
92 0.118448 0 0.303158
93 0.069421 0 0.301032
94 0.0306304 0 0.297153
95 0.00946574 0 0.295415
96 -0.00618176 0 0.29385
97 -0.016165 0 0.292852
98 -0.0227891 0 0.29219
99 -0.0277385 0 0.290585
100 -0.0315056 0 0.290208
101 -0.0330557 0 0.288731
102 -0.0327588 0 0.288761
103 -0.0305572 0 0.288981
104 -0.028825 0 0.288001
105 -0.0265694 0 0.288227
106 -0.023459 0 0.288538
107 -0.0214923 0 0.287875
108 -0.0197479 0 0.288049
109 -0.017652 0 0.287553
110 -0.0158128 0 0.287737
111 -0.0134535 0 0.287973
112 -0.0118616 0 0.287657
113 -0.0104883 0 0.287795
114 -0.00909678 0 0.287934
115 -0.00803086 0 0.287719
116 -0.942316 0 0.194291
117 0.0694782 0 0.298249
118 0.146837 0 0.305985
119 0.105704 0 0.301872
120 0.0607833 0 0.299811
121 0.219774 0 0.31571
122 0.152038 0 0.308937
123 0.0844765 0 0.305559
124 0.118294 0 0.308941
125 0.0649083 0 0.306199
126 0.0257989 0 0.302288
127 -0.0100721 0 0.298701
128 -0.0346362 0 0.294859
129 -0.0483935 0 0.293483
130 -0.0549821 0 0.292825
131 -0.0589105 0 0.290075
132 0.55789 0 0.351755
133 1.56215 0 0.452182
134 2.10732 0 0.590991
135 1.92573 0 0.572832
136 1.95128 0 0.653439
137 1.64483 0 0.622794
138 1.23751 0 0.582061
139 0.879192 0 0.581397
140 0.542238 0 0.547702
